-15.985611510791 64.935251798561 13.079136690647
12.880000000000 67.680000000000 10.640000000000
-11.877256317690 46.487364620939 41.415162454874
12.020547945205 45.058219178082 41.820205479452
-19.789473684211 16.210526315789 63.438596491228
19.411764705882 17.196078431373 60.686274509804
-22.022471910112 61.483146067416 -8.247191011236
20.248387096774 62.735483870968 -5.593548387097
-27.223499361430 55.621966794381 1.356321839080
28.238410596026 56.413907284768 7.215231788079
-25.623672230653 42.783004552352 29.544764795144
24.885496183206 45.068702290076 29.010687022901
-23.008163265306 29.255102040816 48.026530612245
19.910165484634 35.522458628842 48.425531914894
-27.135842880524 10.769230769231 56.569558101473
27.182608695652 16.815458937198 52.208695652174
-23.733552631579 0.282894736842 58.986842105263
23.238636363636 2.147727272727 59.553030303030
-39.977941176471 41.110294117647 19.529411764706
41.306201550388 44.341085271318 13.437984496124
-32.785070785071 44.308880308880 25.817245817246
31.704447632712 45.230989956958 27.248206599713
-39.027397260274 31.013698630137 35.931506849315
37.308474576271 33.037288135593 35.037288135593
-37.824299065421 19.405607476636 47.371962616822
38.834905660377 21.566037735849 46.438679245283
-43.240816326531 19.836734693878 37.069387755102
41.855787476281 17.309297912713 41.442125237192
-44.239316239316 38.321367521368 11.736752136752
46.384341637011 39.594306049822 9.879003558719
-43.107526881720 14.842293906810 29.413978494624
43.940246045694 18.511423550088 28.377855887522
-49.444530643910 25.557796741660 4.678044996121
49.830403309204 28.539813857291 5.021716649431
-12.427553444181 52.194774346793 -20.104513064133
12.462724935733 50.185089974293 -20.997429305913
-35.009523809524 56.819047619048 -7.714285714286
36.483146067416 56.696629213483 -6.213483146067
-41.045544554455 48.986138613861 -5.314851485149
39.718918918919 50.221621621622 -4.432432432432
-42.177777777778 30.533333333333 -16.866666666667
44.219696969697 33.015151515152 -14.431818181818
-21.245960502693 22.585278276481 -20.739676840215
21.025540275049 22.381139489195 -19.693516699411
-24.971223021583 38.568345323741 -14.992805755396
25.821621621622 41.486486486486 -14.913513513514
-31.137777777778 33.928888888889 -13.173333333333
29.180327868852 34.311475409836 -12.770491803279
-5.531914893617 38.804255319149 -23.451063829787
5.542976939203 37.899371069182 -23.471698113208
-49.744000000000 6.144000000000 25.672000000000
50.207715133531 9.649851632047 24.225519287834
-25.238095238095 -8.470238095238 58.869047619048
26.058252427184 -7.721682847896 58.045307443366
-18.189189189189 -8.702702702703 69.297297297297
19.750000000000 -6.350000000000 67.700000000000
-42.177545691906 0.718015665796 49.911227154047
43.655555555556 0.996296296296 48.359259259259
-56.109589041096 4.794520547945 30.575342465753
56.952380952381 8.040816326531 28.775510204082
-29.774834437086 -11.178807947020 64.675496688742
30.907563025210 -9.798319327731 64.168067226891
-54.263924592973 -8.371893744644 31.991431019709
55.395095367847 -5.198910081744 31.140781108084
-43.576923076923 -13.721153846154 50.620192307692
44.721893491124 -10.923076923077 48.615384615385
-38.762323943662 -23.125000000000 61.438380281690
36.825783972125 -20.175958188153 60.013937282230
-23.136936936937 -28.850450450450 65.340540540541
22.073669849932 -27.326057298772 65.405184174625
-57.515463917526 -17.783505154639 31.752577319588
58.273504273504 -15.000000000000 32.290598290598
-40.799283154122 -33.451612903226 54.734767025090
40.888888888889 -29.912698412698 52.312169312169
-43.008517887564 -32.838160136286 44.102214650767
47.972413793103 -25.972413793103 42.537931034483
-23.630769230769 -47.323076923077 60.092307692308
23.504132231405 -46.826446280992 62.892561983471
-18.602870813397 -46.918660287081 67.531100478469
19.896551724138 -44.905172413793 67.120689655172
-29.595419847328 -51.221374045802 66.564885496183
28.972972972973 -48.932432432432 67.513513513514
-24.825112107623 -53.982062780269 56.636771300448
25.507042253521 -51.190140845070 56.612676056338
-16.017897091723 -61.315436241611 61.458612975392
15.164383561644 -57.863013698630 62.376712328767
-54.473118279570 -29.505376344086 21.369175627240
54.506811989101 -26.408719346049 22.049046321526
-58.954732510288 -29.152263374486 25.893004115226
58.718390804598 -26.764367816092 29.189655172414
-58.633986928105 -27.418300653595 36.653594771242
59.863414634146 -23.092682926829 38.497560975610
-59.112462006079 -37.914893617021 37.033434650456
60.155555555556 -35.407407407407 38.007407407407
-57.831775700935 -42.560747663551 29.271028037383
59.696629213483 -39.831460674157 27.516853932584
-53.633333333333 -42.100000000000 46.050000000000
53.774436090226 -38.150375939850 43.954887218045
-55.214521452145 -51.669966996700 25.511551155116
55.360000000000 -45.904000000000 33.408000000000
-47.966499162479 -57.212730318258 43.708542713568
50.502772643253 -52.288354898336 42.510166358595
-37.537572254335 -70.439306358382 39.468208092486
44.504504504505 -62.371171171171 36.277477477477
-42.629870129870 -70.636363636364 27.038961038961
47.010830324910 -62.953068592058 24.714801444043
-44.909952606635 -52.606635071090 49.772511848341
42.726829268293 -53.131707317073 47.585365853659
-41.399515738499 -42.508474576271 49.113801452785
40.003139717425 -40.150706436421 51.095761381476
-34.122596153846 -58.300480769231 46.213942307692
37.415855354659 -52.400556328234 48.356050069541
-26.940867279895 -59.800262812089 44.378449408673
26.407263294423 -61.667963683528 46.280155642023
-23.920000000000 -71.720000000000 32.440000000000
27.833333333333 -69.375000000000 33.291666666667
-21.370860927152 -96.019867549669 -13.741721854305
23.666666666667 -93.069892473118 -12.924731182796
-15.235955056180 -96.848314606742 1.348314606742
17.109004739336 -94.241706161137 3.521327014218
-26.364583333333 -93.628472222222 -0.711805555556
28.065281899110 -89.118694362018 -2.056379821958
-39.572413793103 -84.441379310345 -11.944827586207
43.509090909091 -80.745454545455 -10.490909090909
-30.783505154639 -88.655670103093 8.424742268041
33.618644067797 -85.385593220339 8.813559322034
-35.326488706366 -78.745379876797 -0.616016427105
35.605911330049 -75.566502463054 1.647290640394
-15.456521739130 -82.532608695652 34.543478260870
18.046783625731 -80.760233918129 37.263157894737
-14.092184368737 -90.328657314629 24.949899799599
17.039285714286 -87.782142857143 26.467857142857
-31.650294695481 -78.098231827112 25.257367387033
36.158914728682 -74.465116279070 25.317829457364
-36.968888888889 -77.395555555556 14.355555555556
41.106382978723 -72.914893617021 12.175531914894
-41.732673267327 -71.485148514851 17.950495049505
45.069182389937 -63.144654088050 15.119496855346
-36.154269972452 -80.022038567493 30.280991735537
40.923694779116 -73.871485943775 29.646586345382
-48.417266187050 -68.992805755396 -4.302158273381
49.900000000000 -60.211111111111 -8.755555555556
-44.528795811518 -70.717277486911 -6.680628272251
47.057777777778 -64.728888888889 -7.453333333333
-20.341269841270 4.952380952381 -19.325396825397
19.350157728707 7.047318611987 -19.066246056782
-33.794486215539 16.791979949875 -12.741854636591
34.703296703297 18.468864468864 -12.725274725275
-33.739872068230 23.680170575693 0.575692963753
36.801664355062 24.210818307906 -0.332871012483
-40.749318801090 15.147138964578 2.626702997275
40.806070826307 14.509274873524 4.091062394604
-41.784148397976 -0.927487352445 -7.996627318718
41.847715736041 1.864636209814 -8.754653130288
-42.078006500542 -19.096424702058 13.707475622969
40.610722610723 -19.463869463869 14.307692307692
-46.255384615385 3.590769230769 9.387692307692
46.103942652330 5.645161290323 9.351254480287
-50.592727272727 -8.956363636364 13.905454545455
49.737012987013 -6.324675324675 13.886363636364
-55.466666666667 -1.123809523810 2.304761904762
55.705882352941 2.102941176471 2.529411764706
-45.259740259740 -10.935064935065 -1.616883116883
46.534201954397 -7.198697068404 -1.589576547231
-52.004192872117 -27.129979035639 10.916142557652
57.270303030303 -19.178181818182 8.833939393939
-58.745192307692 -23.250000000000 3.725961538462
60.046639231824 -19.975308641975 2.203017832647
-49.705521472393 14.024539877301 -21.546012269939
52.117647058824 13.364705882353 -25.858823529412
-54.863523573201 -7.171215880893 -12.754342431762
54.323337679270 -2.495436766623 -15.499348109518
-54.683624801272 -33.014308426073 -1.666136724960
53.054602184087 -31.875195007800 -0.271450858034
-56.548286604361 -48.367601246106 13.361370716511
54.614285714286 -45.528571428571 14.611904761905
-48.120956399437 -58.177215189873 25.789029535865
51.377969762419 -54.064794816415 21.032397408207
-61.208791208791 -11.538461538462 -16.840659340659
60.953271028037 -5.467289719626 -21.000000000000
-62.977611940299 -34.339552238806 -12.067164179104
63.699324324324 -28.402027027027 -12.797297297297
-60.969924812030 -35.030075187970 -4.804511278195
62.340248962656 -30.879668049793 -4.705394190871
-53.088709677419 -59.387096774194 7.032258064516
56.795539033457 -53.219330855019 2.966542750929
-46.566239316239 -15.151709401709 -32.771367521368
45.267384916748 -7.241919686582 -36.534769833497
-58.550079491256 -26.066772655008 -23.837837837838
57.810975609756 -22.112804878049 -25.179878048780
-56.437308868502 -52.938837920489 -13.706422018349
57.386934673367 -46.331658291457 -13.872696817420
-50.019512195122 -60.629268292683 -7.639024390244
54.061946902655 -57.858407079646 -10.548672566372
-45.088235294118 -63.823529411765 5.500000000000
49.217391304348 -58.333333333333 3.811594202899
-35.443526170799 10.611570247934 -23.878787878788
35.507246376812 15.700483091787 -23.942028985507
-42.676616915423 7.631840796020 -16.248756218905
43.982558139535 9.244186046512 -16.447674418605
-45.170731707317 7.207897793264 -33.921022067364
48.131386861314 8.423357664234 -33.153284671533
-35.217391304348 8.782608695652 -32.826086956522
34.726368159204 12.517412935323 -33.960199004975
-25.704545454545 5.920454545455 -37.411363636364
26.386706948640 6.487411883182 -35.943605236657
-7.790026246719 51.606299212598 12.461942257218
7.549450549451 52.236263736264 13.423076923077
-6.653144016227 53.436105476673 24.701825557809
6.698473282443 56.503816793893 25.469465648855
-5.331325301205 34.668674698795 43.620481927711
5.547872340426 33.212765957447 44.867021276596
-7.258845437616 47.195530726257 -3.459962756052
6.428940568475 47.395348837209 -3.974160206718
-9.532075471698 65.471698113208 -2.332075471698
6.545454545455 64.996047430830 -3.422924901186
-5.375415282392 49.029900332226 -11.800664451827
4.298181818182 46.778181818182 -12.749090909091
-6.368852459016 20.836065573770 -16.040983606557
5.891213389121 20.736401673640 -16.326359832636
-6.273291925466 22.248447204969 46.720496894410
5.860465116279 20.546511627907 49.000000000000
-10.559701492537 18.179104477612 63.119402985075
10.541284403670 18.477064220183 62.880733944954
-7.214421252372 7.639468690702 65.582542694497
6.385454545455 10.050909090909 66.472727272727
-6.907894736842 27.026315789474 29.993421052632
6.954703832753 26.550522648084 30.968641114983
-6.793103448276 15.537931034483 41.565517241379
7.554945054945 13.472527472527 47.269230769231
-7.387341772152 4.526582278481 48.546835443038
7.813387423935 4.685598377282 52.405679513185
-7.826388888889 -6.336805555556 57.430555555556
8.241635687732 -4.665427509294 57.877323420074
-8.462686567164 -16.402985074627 41.649253731343
8.865671641791 -15.977611940299 41.925373134328
-10.782608695652 -35.401534526854 46.020460358056
11.459893048128 -34.037433155080 45.588235294118
-9.291512915129 -41.483394833948 60.420664206642
9.389261744966 -40.684563758389 61.087248322148
-5.689095127610 37.331786542923 3.058004640371
6.647260273973 39.434931506849 4.517123287671
-7.315634218289 34.318584070796 22.058997050147
7.288235294118 33.370588235294 22.835294117647
-3.272727272727 14.272727272727 28.954545454545
3.500000000000 13.950000000000 29.050000000000
-3.701492537313 3.492537313433 29.522388059701
4.128205128205 3.743589743590 29.820512820513
-3.934272300469 -23.652582159624 38.741784037559
4.549450549451 -24.959706959707 38.827838827839
-4.204819277108 -26.024096385542 28.819277108434
4.728205128205 -25.897435897436 28.964102564103
-4.294117647059 -39.490196078431 27.372549019608
7.526066350711 -43.023696682464 31.345971563981
-5.066666666667 -42.888888888889 10.044444444444
5.780821917808 -42.383561643836 10.301369863014
-6.894514767932 -16.759493670886 50.902953586498
7.679487179487 -14.743589743590 50.064102564103
-10.153225806452 -28.612903225806 65.774193548387
10.901408450704 -26.735915492958 66.433098591549
-7.160194174757 -25.995145631068 69.509708737864
7.670644391408 -26.739856801909 70.157517899761
-6.387096774194 -29.169354838710 75.895161290323
7.173333333333 -28.657777777778 75.706666666667
-11.798594847775 -55.269320843091 13.433255269321
12.778280542986 -52.796380090498 13.800904977376
-4.982758620690 -56.034482758621 19.112068965517
5.009803921569 -55.529411764706 19.803921568627
-6.899641577061 -50.874551971326 33.741935483871
5.743073047859 -51.848866498741 32.115869017632
-6.945945945946 -49.520270270270 45.398648648649
7.760869565217 -48.746376811594 43.644927536232
-7.667638483965 -54.559766763848 56.215743440233
7.184000000000 -50.005333333333 54.176000000000
-7.413043478261 -61.260869565217 64.057971014493
7.967213114754 -59.914754098361 63.678688524590
-5.857142857143 -64.690476190476 35.678571428571
7.165562913907 -62.582781456954 36.000000000000
-6.834688346883 -70.823848238482 41.149051490515
10.519685039370 -68.467191601050 41.065616797900
-10.675324675325 -69.541125541126 49.255411255411
12.709677419355 -68.380645161290 50.303225806452
-12.021321961620 -55.727078891258 7.560767590618
13.112643678161 -54.101149425287 8.496551724138
-13.415384615385 -65.076923076923 25.676923076923
15.886075949367 -61.430379746835 26.164556962025
-10.491803278689 -75.188524590164 36.860655737705
14.054687500000 -72.929687500000 37.398437500000
-17.981424148607 -59.572755417957 4.080495356037
20.607142857143 -59.204081632653 6.362244897959
-17.764705882353 -70.000000000000 19.588235294118
20.884615384615 -65.576923076923 20.038461538462
-12.531073446328 -75.322033898305 29.322033898305
15.089887640449 -72.505617977528 29.258426966292
-5.218750000000 -82.664062500000 28.382812500000
8.670000000000 -80.070000000000 28.730000000000
-4.136986301370 -91.849315068493 18.698630136986
7.569444444444 -88.513888888889 19.236111111111
-10.466666666667 -71.625925925926 9.025925925926
11.694390715667 -69.377176015474 10.263056092843
-7.303370786517 -80.669662921348 8.593258426966
9.520581113801 -77.782082324455 9.365617433414
-6.682505399568 -95.345572354212 -1.332613390929
10.818288393904 -94.220398593200 1.101992966002
-20.209876543210 -45.320987654321 -4.617283950617
19.641618497110 -43.942196531792 -3.895953757225
-21.102473498233 -62.459363957597 -6.812720848057
20.987878787879 -60.230303030303 -6.006060606061
-13.648535564854 -63.556485355649 -3.606694560669
12.946564885496 -63.839694656489 -2.160305343511
-14.105263157895 -75.684210526316 -10.105263157895
13.025641025641 -72.410256410256 -9.333333333333
-10.985714285714 -81.257142857143 -9.014285714286
10.939759036145 -79.397590361446 -7.084337349398
-6.260869565217 -80.409937888199 -4.645962732919
6.657534246575 -78.863013698630 -3.356164383562
-30.285097192225 -7.028077753780 -19.399568034557
30.033018867925 -4.966981132075 -18.452830188679
-24.942791762014 -32.462242562929 -2.691075514874
25.006185567010 -31.369072164948 -1.987628865979
-15.722943722944 -4.034632034632 -18.363636363636
14.132701421801 -3.677725118483 -17.838862559242
-27.641337386018 -26.638297872340 -18.747720364742
28.611295681063 -24.744186046512 -18.631229235880
-17.553191489362 -12.617021276596 -30.234042553191
18.093750000000 -14.343750000000 -28.515625000000
-17.158301158301 -27.366795366795 -12.810810810811
16.691588785047 -27.389408099688 -10.049844236760
-27.074935400517 -39.591731266150 -10.863049095607
27.167155425220 -35.988269794721 -11.929618768328
-31.547877591313 -8.768015794669 -34.086870681145
31.520288548242 -7.778178539225 -34.674481514878
-35.409395973154 -25.624161073826 -23.114093959732
37.918604651163 -24.500000000000 -23.825581395349
-36.576368876081 -32.230547550432 -23.752161383285
37.374358974359 -31.292307692308 -23.625641025641
-43.126637554585 -49.786026200873 -17.406113537118
44.128000000000 -46.042666666667 -17.749333333333
-31.479166666667 -50.395833333333 -12.437500000000
32.386666666667 -46.733333333333 -11.320000000000
-28.148984198646 -65.986455981941 -9.521444695260
29.012345679012 -61.674897119342 -9.477366255144
-23.090225563910 -84.015037593985 -10.330827067669
22.888888888889 -80.452674897119 -8.345679012346
-21.933962264151 -0.405660377358 -11.500000000000
21.126903553299 1.654822335025 -12.284263959391
-11.500000000000 21.850000000000 1.050000000000
11.212121212121 22.848484848485 -1.212121212121
-14.400000000000 26.133333333333 0.200000000000
15.674418604651 27.767441860465 1.813953488372
-12.302670623145 13.691394658754 -8.207715133531
11.710691823899 14.540880503145 -7.616352201258
-15.363636363636 11.242424242424 12.196969696970
14.209790209790 19.916083916084 8.195804195804
-12.920903954802 9.779661016949 8.271186440678
12.430463576159 10.006622516556 8.788079470199
-16.000000000000 3.508196721311 18.655737704918
15.121019108280 6.522292993631 17.541401273885
-18.413793103448 -12.310344827586 25.275862068966
16.980645161290 -7.587096774194 23.858064516129
-18.636363636364 -8.151515151515 -0.515151515152
18.964705882353 -6.917647058824 -0.588235294118
-23.303125000000 6.262500000000 0.784375000000
23.226837060703 7.354632587859 0.773162939297
-28.005681818182 -6.264204545455 1.772727272727
28.534228187919 -4.096644295302 0.861744966443
-4.271604938272 0.271604938272 1.432098765432
3.611940298507 0.388059701493 1.402985074627
-9.091743119266 -8.550458715596 12.954128440367
8.540540540541 -7.450450450450 12.513513513514
-3.310344827586 -7.448275862069 -1.103448275862
2.782608695652 -7.043478260870 -1.130434782609
-3.218390804598 -14.390804597701 8.413793103448
3.291666666667 -14.458333333333 8.937500000000
-12.409523809524 -18.965079365079 7.009523809524
12.662045060659 -17.469670710572 6.398613518198
-15.050000000000 -28.283333333333 13.550000000000
14.550000000000 -26.512500000000 12.725000000000
-8.866666666667 -28.066666666667 10.666666666667
8.756756756757 -26.486486486486 9.783783783784
-4.909090909091 -26.272727272727 14.045454545455
3.533333333333 -25.333333333333 13.133333333333
-5.391304347826 -10.710144927536 -7.311594202899
4.785388127854 -10.273972602740 -6.438356164384
-32.611990255755 -71.895505620661 -35.214598430908
35.323339152912 -70.373306010953 -36.154354679022
-19.274873341401 -54.284839162447 -22.566580042783
21.748599380744 -54.140623634152 -23.950265406480
-22.681662502556 -55.742159779376 -49.213956232427
23.291721185174 -57.484518273452 -50.590600787623
1.243977087853 -58.634651239771 -20.051584503113

