96.467625899281 53.992805755396 43.539568345324
97.840000000000 39.560000000000 42.320000000000
87.243682310469 51.938628158845 57.707581227437
86.529109589041 39.989726027397 57.910102739726
72.105263157895 55.894736842105 68.719298245614
72.598039215686 36.294117647059 67.343137254902
94.741573033708 57.011235955056 32.876404494382
95.367741935484 35.875806451613 34.203225806452
91.810983397190 59.611749680715 37.678160919540
92.206953642384 31.880794701987 40.607615894040
85.391502276176 58.811836115326 51.772382397572
86.534351145038 33.557251908397 51.505343511450
78.627551020408 57.504081632653 61.013265306122
81.761229314421 36.044917257683 61.212765957447
69.384615384615 59.567921440262 65.284779050737
72.407729468599 32.408695652174 63.104347826087
64.141447368421 57.866776315789 66.493421052632
65.073863636364 34.380681818182 66.776515151515
84.555147058824 65.988970588235 46.764705882353
86.170542635659 25.346899224806 43.718992248062
86.154440154440 62.392535392535 49.908622908623
86.615494978479 30.147776183644 50.624103299857
79.506849315068 65.513698630137 54.965753424658
80.518644067797 27.345762711864 54.518644067797
73.702803738318 64.912149532710 60.685981308411
74.783018867925 26.582547169811 60.219339622642
73.918367346939 67.620408163265 55.534693877551
72.654648956357 25.072106261860 57.721062618596
83.160683760684 68.119658119658 42.868376068376
83.797153024911 22.807829181495 41.939501779359
71.421146953405 67.553763440860 51.706989247312
73.255711775044 24.029876977153 51.188927943761
76.778898370830 70.722265321955 39.339022498061
78.269906928645 21.084798345398 39.510858324716
90.097387173397 52.213776722090 26.947743467933
89.092544987147 39.768637532134 26.501285347044
92.409523809524 63.504761904762 33.142857142857
92.348314606742 27.758426966292 33.893258426966
88.493069306931 66.522772277228 34.342574257426
89.110810810811 26.140540540541 34.783783783784
79.266666666667 67.088888888889 28.566666666667
80.507575757576 23.890151515152 29.784090909091
75.292639138241 56.622980251346 26.630161579892
75.190569744597 35.487229862475 27.153241650295
83.284172661870 58.485611510791 29.503597122302
84.743243243243 33.089189189189 29.543243243243
80.964444444444 61.568888888889 30.413333333333
81.155737704918 31.409836065574 30.614754098361
83.402127659574 48.765957446809 25.274468085106
82.949685534591 43.228511530398 25.264150943396
67.072000000000 70.872000000000 49.836000000000
68.824925816024 20.896142433234 49.112759643917
59.764880952381 58.619047619048 66.434523809524
60.139158576052 32.970873786408 66.022653721683
59.648648648649 55.094594594595 71.648648648649
60.825000000000 36.125000000000 70.850000000000
64.359007832898 67.088772845953 61.955613577023
64.498148148148 24.172222222222 61.179629629630
66.397260273973 74.054794520548 52.287671232877
68.020408163265 17.523809523810 51.387755102041
58.410596026490 60.887417218543 69.337748344371
59.100840336134 30.546218487395 69.084033613445
59.814053127678 73.131962296487 52.995715509854
61.400544959128 18.302452316076 52.570390554042
57.139423076923 67.788461538462 62.310096153846
58.538461538462 23.639053254438 61.307692307692
52.437500000000 65.381161971831 67.719190140845
53.912020905923 27.587108013937 67.006968641115
49.574774774775 57.568468468468 69.670270270270
50.336971350614 34.963165075034 69.702592087312
55.108247422680 74.757731958763 52.876288659794
56.500000000000 16.863247863248 53.145299145299
47.274193548387 66.399641577061 64.367383512545
49.043650793651 25.555555555556 63.156084656085
47.580919931857 67.504258943782 59.051107325383
51.013793103448 22.013793103448 58.268965517241
40.338461538462 57.815384615385 67.046153846154
40.586776859504 34.247933884298 68.446280991736
40.540669856459 55.301435406699 70.765550239234
41.547413793103 36.051724137931 70.560344827586
38.389312977099 60.797709923664 70.282442748092
39.533783783784 31.513513513514 70.756756756757
37.008968609865 58.412556053812 65.318385650224
38.404929577465 33.246478873239 65.306338028169
33.342281879195 54.008948545861 67.729306487696
35.068493150685 38.417808219178 68.188356164384
49.247311827957 73.236559139785 47.684587813620
50.795640326975 18.746594005450 48.024523160763
49.423868312757 75.477366255144 49.946502057613
50.617816091954 16.640804597701 51.594827586207
50.290849673203 75.316993464052 55.326797385621
52.453658536585 16.068292682927 56.248780487805
45.042553191489 75.556231003040 55.516717325228
46.296296296296 15.922222222222 56.003703703704
42.719626168224 74.915887850467 51.635514018692
44.084269662921 16.151685393258 50.758426966292
42.950000000000 72.816666666667 60.025000000000
44.924812030075 19.112781954887 58.977443609023
38.165016501650 73.607260726073 49.755775577558
41.048000000000 18.320000000000 53.704000000000
35.393634840871 69.983249581240 58.854271356784
37.855822550832 20.748613678373 58.255083179298
28.780346820809 64.768786127168 56.734104046243
32.814414414414 23.747747747748 55.138738738739
28.681818181818 67.314935064935 50.519480519481
32.523465703971 22.494584837545 49.357400722022
37.696682464455 68.454976303318 61.886255924171
37.434146341463 24.636585365854 60.792682926829
42.745762711864 66.699757869249 61.556900726392
43.924646781790 25.998430141287 62.547880690738
34.849759615385 63.061298076923 60.106971153846
37.799721835883 27.292072322670 61.178025034771
34.099868593955 59.470433639947 59.189224704336
33.166018158236 32.796368352789 60.140077821012
28.140000000000 57.960000000000 53.220000000000
29.312500000000 32.083333333333 53.645833333333
15.990066225166 56.685430463576 30.129139072848
17.465053763441 34.166666666667 30.537634408602
15.575842696629 53.617977528090 37.674157303371
16.879146919431 37.445497630332 38.760663507109
17.185763888889 59.182291666667 36.644097222222
19.440652818991 31.967359050445 35.971810089021
21.779310344828 65.786206896552 31.027586206897
23.627272727273 24.245454545455 31.754545454545
19.672164948454 61.391752577320 41.212371134021
21.307203389831 29.190677966102 41.406779661017
24.627310061602 63.663244353183 36.691991786448
26.216748768473 28.197044334975 37.823645320197
22.733695652174 53.728260869565 54.271739130435
23.619883040936 36.976608187135 55.631578947368
18.835671342685 53.046092184369 49.474949899800
20.108928571429 37.480357142857 50.233928571429
24.950884086444 61.825147347741 49.628683693517
26.767441860465 27.920542635659 49.658914728682
25.302222222222 64.484444444444 44.177777777778
27.542553191489 25.446808510638 43.087765957447
28.257425742574 66.866336633663 45.975247524752
32.427672955975 23.465408805031 44.559748427673
23.988980716253 64.077134986226 52.140495867769
27.064257028112 25.538152610442 51.823293172691
29.503597122302 70.208633093525 34.848920863309
33.894444444444 21.050000000000 32.622222222222
28.641361256545 68.264397905759 33.659685863874
31.635555555556 22.471111111111 33.273333333333
66.476190476190 56.170634920635 27.337301587302
67.523659305994 36.324921135647 27.466876971609
72.395989974937 62.897243107769 30.629072681704
73.234432234432 28.648351648352 30.637362637363
75.840085287846 62.869936034115 37.287846481876
76.105409153953 27.599167822469 36.833564493759
71.573569482289 66.374659400545 38.313351498638
71.254637436762 25.596964586847 39.045531197302
63.536256323777 66.892074198988 33.001686340641
64.932318104907 25.076142131980 32.622673434856
54.451787648971 67.039003250271 43.853737811484
54.268065268065 25.694638694639 44.153846153846
65.795384615385 69.127692307692 41.693846153846
66.822580645161 22.948028673835 41.675627240143
59.521818181818 71.296363636364 43.952727272727
60.837662337662 21.131493506494 43.943181818182
63.438095238095 73.733333333333 38.152380952381
65.051470588235 18.147058823529 38.264705882353
58.532467532468 68.629870129870 36.191558441558
60.400651465798 22.732899022801 36.205211726384
50.435010482180 72.002096436059 42.458071278826
54.410909090909 17.364848484848 41.416969696970
52.375000000000 75.372596153846 38.862980769231
54.012345679012 15.976680384088 38.101508916324
71.012269938650 70.852760736196 26.226993865031
70.682352941176 19.941176470588 24.070588235294
60.414392059553 73.431761786600 30.622828784119
62.752281616688 18.838331160365 29.250325945241
47.492845786963 73.341812400636 36.166931637520
48.062402496100 19.472698907956 36.864274570983
39.816199376947 74.274143302181 43.680685358255
41.235714285714 18.692857142857 44.305952380952
34.911392405063 70.060478199719 49.894514767932
36.967602591793 20.311015118790 47.516198704104
58.230769230769 76.604395604396 28.579670329670
61.266355140187 15.523364485981 26.500000000000
46.830223880597 77.488805970149 30.966417910448
49.798986486486 14.150337837838 30.601351351351
46.484962406015 76.484962406015 34.597744360902
48.560165975104 14.829875518672 34.647302904564
34.306451612903 72.544354838710 40.516129032258
37.390334572491 17.602230483271 38.483271375465
56.424145299145 69.283119658120 20.614316239316
60.379040156709 23.366307541626 18.732615083252
50.966613672496 75.275039745628 25.081081081081
52.943597560976 17.094512195122 24.410060975610
37.530581039755 74.218654434251 30.146788990826
40.834170854271 17.306532663317 30.063651591290
33.685365853659 71.009756097561 33.180487804878
35.070796460177 18.969026548673 31.725663716814
32.088235294118 68.544117647059 39.750000000000
34.833333333333 21.391304347826 38.905797101449
69.305785123967 63.721763085399 25.060606060606
71.850241545894 28.246376811594 25.028985507246
67.815920398010 67.338308457711 28.875621890547
68.622093023256 24.008720930233 28.776162790698
67.603948896632 68.585365853659 20.039488966318
68.211678832117 21.934306569343 20.423357664234
68.391304347826 63.608695652174 20.586956521739
70.258706467662 28.636815920398 20.019900497512
66.960227272727 58.852272727273 18.294318181818
67.243705941591 32.806646525680 19.028197381672
89.803149606299 49.895013123360 43.230971128609
90.118131868132 42.225274725275 43.711538461538
90.718052738337 49.326572008114 49.350912778905
92.251908396947 42.650763358779 49.734732824427
81.334337349398 48.665662650602 58.810240963855
80.606382978723 43.226063829787 59.433510638298
87.597765363128 49.629422718808 35.270018621974
87.697674418605 42.785529715762 35.012919896641
96.735849056604 50.766037735849 35.833962264151
96.498023715415 42.727272727273 35.288537549407
88.514950166113 48.687707641196 31.099667774086
87.389090909091 43.850909090909 30.625454545455
74.418032786885 49.184426229508 28.979508196721
74.368200836820 43.054393305439 28.836820083682
75.124223602484 49.136645962733 60.360248447205
74.273255813953 43.069767441860 61.500000000000
73.089552238806 51.279850746269 68.559701492537
73.238532110092 40.729357798165 68.440366972477
67.819734345351 49.607210626186 69.791271347249
69.025454545455 42.807272727273 70.236363636364
77.513157894737 49.453947368421 51.996710526316
77.275261324042 42.522648083624 52.484320557491
71.768965517241 49.396551724138 57.782758620690
70.736263736264 42.222527472527 60.634615384615
66.263291139241 49.693670886076 61.273417721519
66.342799188641 42.093306288032 63.202839756592
60.831597222222 49.913194444444 65.715277777778
61.667286245353 41.879182156134 65.938661710037
55.798507462687 50.231343283582 57.824626865672
56.011194029851 41.567164179104 57.962686567164
46.299232736573 51.391304347826 60.010230179028
46.981283422460 40.270053475936 59.794117647059
43.258302583026 50.645756457565 67.210332103321
43.657718120805 41.305369127517 67.543624161074
82.665893271462 48.844547563805 38.529002320186
83.717465753425 42.676369863014 39.258561643836
81.159292035398 49.657817109145 48.029498525074
80.685294117647 42.355882352941 48.417647058824
71.136363636364 47.636363636364 51.477272727273
70.975000000000 44.250000000000 51.525000000000
65.746268656716 47.850746268657 51.761194029851
65.871794871795 43.935897435897 51.910256410256
52.173708920188 47.967136150235 56.370892018779
51.520146520147 43.725274725275 56.413919413919
50.987951807229 48.102409638554 51.409638554217
51.051282051282 43.635897435897 51.482051282051
44.254901960784 48.147058823529 50.686274509804
42.488151658768 42.236966824645 52.672985781991
42.555555555556 48.533333333333 42.022222222222
42.808219178082 43.109589041096 42.150684931507
55.620253164557 49.447257383966 62.451476793249
56.628205128205 42.160256410256 62.032051282051
49.693548387097 51.076612903226 69.887096774194
50.632042253521 40.549295774648 70.216549295775
51.002427184466 49.580097087379 71.754854368932
50.630071599045 42.164677804296 72.078758949881
49.415322580645 49.193548387097 74.947580645161
49.671111111111 42.413333333333 74.853333333333
36.365339578454 51.899297423888 43.716627634660
37.601809954751 39.610859728507 43.900452488688
35.982758620690 48.491379310345 46.556034482759
36.235294117647 43.495098039216 46.901960784314
38.562724014337 49.449820788530 53.870967741935
38.075566750630 43.128463476071 53.057934508816
39.239864864865 49.472972972973 59.699324324324
39.626811594203 42.119565217391 58.822463768116
36.720116618076 49.833819241983 65.107871720117
38.997333333333 42.408000000000 64.088000000000
33.369565217391 49.706521739130 69.028985507246
34.042622950820 42.016393442623 68.839344262295
31.654761904762 48.928571428571 54.839285714286
32.708609271523 42.417218543046 55.000000000000
28.588075880759 49.417344173442 57.574525745257
29.766404199475 40.740157480315 57.532808398950
29.229437229437 51.337662337662 61.627705627706
29.809677419355 39.645161290323 62.151612903226
36.136460554371 52.010660980810 40.780383795309
36.949425287356 39.443678160920 41.248275862069
31.461538461538 52.707692307692 49.838461538462
33.284810126582 38.056962025316 50.082278481013
26.405737704918 51.245901639344 55.430327868852
27.535156250000 38.972656250000 55.699218750000
34.213622291022 54.990712074303 39.040247678019
34.397959183673 35.696428571429 40.181122448980
29.000000000000 54.882352941176 46.794117647059
31.211538461538 35.557692307692 47.019230769231
26.338983050847 52.265536723164 51.661016949153
27.747191011236 38.455056179775 51.629213483146
22.667968750000 48.609375000000 51.191406250000
23.965000000000 41.665000000000 51.365000000000
18.075342465753 48.068493150685 46.349315068493
19.743055555556 42.215277777778 46.618055555556
28.187037037037 51.233333333333 41.512962962963
29.311411992263 40.152804642166 42.131528046422
23.665168539326 49.651685393258 41.296629213483
25.108958837772 41.239709443099 41.682808716707
16.327213822894 49.341252699784 36.333693304536
16.889800703400 40.590855803048 37.550996483001
41.339506172840 56.104938271605 34.691358024691
42.028901734104 36.179190751445 35.052023121387
32.770318021201 56.551236749117 33.593639575972
33.884848484848 35.506060606061 33.996969696970
32.221757322176 52.824267782427 35.196652719665
32.080152671756 39.526717557252 35.919847328244
26.157894736842 53.052631578947 31.947368421053
27.794871794872 39.487179487179 32.333333333333
23.371428571429 51.492857142857 32.492857142857
24.301204819277 40.530120481928 33.457831325301
23.795031055901 49.130434782609 34.677018633540
24.568493150685 42.671232876712 35.321917808219
60.485961123110 61.142548596112 27.300215982721
61.516509433962 30.983490566038 27.773584905660
47.768878718535 58.471395881007 35.654462242563
48.315463917526 33.496907216495 36.006185567010
61.982683982684 53.861471861472 27.818181818182
62.161137440758 38.933649289100 28.080568720379
50.680851063830 59.820668693009 27.626139817629
51.627906976744 31.694352159468 27.684385382060
57.691489361702 54.776595744681 21.882978723404
56.828125000000 36.953125000000 22.742187500000
50.316602316602 54.579150579151 30.594594594595
50.305295950156 37.654205607477 31.975077881620
44.204134366925 59.537467700258 31.568475452196
46.005865102639 32.416422287390 31.035190615836
59.615992102665 61.773938795656 19.956564659427
60.110910730388 30.239855725879 19.662759242561
51.187919463087 63.704697986577 25.442953020134
51.750000000000 27.040697674419 25.087209302326
47.884726224784 64.288184438040 25.123919308357
48.353846153846 27.312820512821 25.187179487179
39.106986899563 67.563318777293 28.296943231441
40.978666666667 23.936000000000 28.125333333333
38.802083333333 61.739583333333 30.781250000000
40.633333333333 29.806666666667 31.340000000000
31.006772009029 60.074492099323 32.239277652370
33.162551440329 31.493827160494 32.261316872428
21.992481203008 57.545112781955 31.834586466165
23.773662551440 34.555555555556 32.827160493827
63.797169811321 56.966981132075 31.250000000000
64.827411167513 35.436548223350 30.857868020305
74.925000000000 51.750000000000 37.525000000000
75.424242424242 40.393939393939 36.393939393939
77.066666666667 53.200000000000 37.100000000000
77.883720930233 38.162790697674 37.906976744186
70.845697329377 52.151335311573 32.896142433234
71.270440251572 40.144654088050 33.191823899371
69.621212121212 53.681818181818 43.098484848485
73.958041958042 38.895104895105 41.097902097902
68.889830508475 52.460451977401 41.135593220339
69.003311258278 39.784768211921 41.394039735099
65.754098360656 54.000000000000 46.327868852459
67.261146496815 38.439490445860 45.770700636943
57.844827586207 55.206896551724 49.637931034483
60.206451612903 37.509677419355 48.929032258065
59.924242424242 55.318181818182 36.742424242424
60.541176470588 36.517647058824 36.705882352941
67.131250000000 57.651562500000 37.392187500000
67.677316293930 34.386581469649 37.386581469649
60.867897727273 60.002840909091 37.886363636364
61.951677852349 31.732885906040 37.430872483221
64.135802469136 48.135802469136 37.716049382716
64.194029850746 44.194029850746 37.701492537313
59.724770642202 50.545871559633 43.477064220183
60.274774774775 41.729729729730 43.256756756757
60.275862068966 47.655172413793 36.448275862069
60.478260869565 44.608695652174 36.434782608696
56.804597701149 47.609195402299 41.206896551724
56.770833333333 44.354166666667 41.468750000000
54.517460317460 52.204761904762 40.504761904762
55.265164644714 39.668977469671 40.199306759099
49.858333333333 53.525000000000 43.775000000000
50.743750000000 38.725000000000 43.362500000000
49.966666666667 50.433333333333 42.333333333333
50.756756756757 41.621621621622 41.891891891892
50.863636363636 48.454545454545 44.022727272727
51.333333333333 44.233333333333 43.566666666667
58.644927536232 48.695652173913 33.344202898551
58.863013698630 43.607305936073 33.780821917808
28.630865021125 62.088725817211 19.935290193462
29.364323189927 28.123609653725 19.275550891920
37.343147208122 55.373604060914 26.338409475465
37.404121550821 34.866224240307 25.526720223542
36.796556671449 57.156097560976 13.016355810617
35.911811023622 34.174803149606 12.180839895013
35.141176470588 45.109313725490 27.505882352941
