-39.922102694172 -6.998725346794 47.643329477959
40.103249409360 -9.484759797503 49.318246112283
-19.754433227003 33.353087889019 38.529164620988
20.615332731246 29.838332408279 40.365131534063
-17.490259217448 45.030146366711 -17.294256811201
17.516032323914 45.756189922512 -17.873707365488
-34.697953392418 31.244160125144 31.645492773990
36.459118724990 31.564647425071 30.743942966002
-31.575852815767 48.288054882272 -13.688851636004
32.207402377645 50.474004856236 -14.497951108481
-49.618227314627 11.011034375441 15.500231069866
49.086565225017 13.333849617036 18.445216592676
-46.698990640361 28.117335310092 10.066758597401
49.249118670537 28.459212435450 10.862199247188
-36.896656194312 28.601057118072 -15.926849576566
40.249885544207 30.189265624501 -15.292733738837
-48.176875709404 -10.322434839576 10.633601598547
51.602756922895 -7.967095057468 11.881428176169
-6.755134928210 3.688653119453 58.119287383462
7.183650916008 -0.933099583552 58.712611087914
-8.910153225064 13.015108716914 -14.777493258033
9.476834234482 13.836635414292 -14.555046727501
-6.103154444479 47.610516689837 27.097741062150
7.823638129871 49.257340144865 26.448014371956
-6.103598414372 42.524749618970 -17.140467990970
7.242687498161 42.135140658616 -15.988342343234
-36.134659308792 4.763550979842 0.033211981647
38.004594956212 4.405247495740 -0.883729584338
-5.179189053008 33.690024147204 10.188989227840
7.289456374847 35.256061288753 12.138392470034
-6.810308396417 -16.229289658840 38.536292645073
6.740653204637 -10.335280157791 36.759507824928
-6.005107846425 -44.526859729130 21.986292843685
6.391433205533 -43.465354763572 19.237725319079
-25.872811268967 -22.810119052813 -13.091112128143
28.326782981765 -21.782386109012 -12.978592898074
-22.052933738519 -18.277891818975 -23.665133233938
24.585465846129 -17.233239434738 -23.229942804301
-24.104891381480 -2.887649518793 -20.421392254396
26.460449732600 -1.465124671978 -20.494513091541
-8.139877476240 -80.420169497719 4.282299822680
15.029717880958 -74.984351175501 7.261373452638
-7.034664628937 -81.741789548847 25.044113730228
12.404666257541 -80.872428469778 26.160786368204
-15.460705133327 -69.623262396633 -7.019390769904
15.468976485677 -68.856073520235 -6.055376814863
-30.089317898629 -82.992968623519 12.774819550045
32.439410193046 -82.269933080726 15.080485238605
-31.927277815961 -42.394886034701 -23.084916847196
33.118791308168 -41.117236375525 -22.646462383869
-43.866552649918 -23.845006998770 45.664181622731
40.175229520752 -26.699959208103 49.995771241257
-24.698922859208 -60.715239803093 56.477359467153
24.837597593330 -60.241176402215 59.819910421552
-44.033584648558 -47.114367034955 43.943890170463
45.347176290711 -47.549339346638 47.245802749754
-56.989162734170 -35.267167559190 27.401939602604
56.391934556862 -32.972056923666 32.055001001590
-45.280976529012 -62.327729132373 33.001194916316
44.361799937065 -61.346831928377 36.548705991817
-8.515140425828 -57.364273542078 45.509107067404
8.789285522435 -57.392625463976 41.331802602566
-9.059845363325 -26.395247537795 67.141697967910
6.058961565415 -32.695818641539 65.415345677919
-12.531159915572 9.151675284776 6.012086033078
13.728979084573 10.234128358139 6.230454158015
-24.923537043679 1.921326416335 -0.964234440958
26.766824671536 3.056624375900 -0.551637872493
-18.760534498879 -2.059240634938 -2.989022848956
20.221573254040 -1.716563879166 -2.805221090146
-11.925038575259 -19.432005632032 4.938759328452
11.975805015979 -19.329169218903 5.199473631190
-43.083966413604 -20.629434074296 6.839793541167
45.136579117143 -18.638488789160 7.701554919821
-54.153960191882 -22.653585044089 3.966649630448
57.115614412887 -23.540116725436 4.212560702038
-39.455305010957 12.587549399511 -28.859720448419
45.533925287794 12.396007732306 -27.159500238683
-56.518741282506 -35.757140588780 -5.296430428373
56.506822815366 -39.205398280271 -3.773892973469
-50.568512901999 -30.342198523022 -26.271478659585
52.846146618881 -33.066732976890 -24.836235091430
-32.611990255755 -71.895505620661 -35.214598430908
35.323339152912 -70.373306010953 -36.154354679022
-19.274873341401 -54.284839162447 -22.566580042783
21.748599380744 -54.140623634152 -23.950265406480
-22.681662502556 -55.742159779376 -49.213956232427
23.291721185174 -57.484518273452 -50.590600787623
1.243977087853 -58.634651239771 -20.051584503113
