60.519285309132 65.465116279070 61.820192853091
59.225081336883 25.449571132801 62.404909790003
80.744929146985 55.386496248958 57.477076965824
78.955128205128 35.198471400394 58.252218934911
86.959501557632 54.412253374870 29.640706126687
87.308926780341 36.910732196590 29.252758274824
79.744602097471 62.879498252108 54.065391733498
79.875391849530 27.304075235110 53.407131661442
88.570945945946 61.442567567568 31.506756756757
89.637438423645 29.552709359606 30.929064039409
69.745664739884 70.397880539499 45.900770712909
70.837741243746 21.036454610436 47.097927090779
78.333333333333 68.945037564255 43.291419533412
78.450953045095 20.969316596932 43.408647140865
78.746153846154 64.120118343195 30.270414201183
79.497363796134 25.544815465729 30.370826010545
59.112121212121 69.703030303030 43.319191919192
60.231404958678 19.809166040571 43.664913598798
65.775034932464 48.845365626456 67.032137866791
63.453395191902 41.876845212990 67.256431885280
70.932142857143 50.132142857143 30.657142857143
71.332179930796 40.937716262976 30.719723183391
87.943516042781 48.586898395722 51.818181818182
88.764292408622 41.624648547329 51.463448922212
85.700190961171 48.719923615532 29.667091024825
85.490943160525 42.043722673329 30.201124297314
66.720129171152 63.705059203445 38.086114101184
66.510169491525 26.638983050847 37.406779661017
81.097857142857 48.182142857143 43.267857142857
81.861386138614 41.941355674029 44.216298552932
55.949510561566 48.941267387944 57.107161257084
58.901497957331 42.167952791648 56.218792555606
41.913606911447 48.602591792657 48.639308855292
42.456716417910 42.411940298507 47.235820895522
53.018240343348 58.627682403433 31.307939914163
53.504228329810 31.527484143763 31.211416490486
55.353783231084 56.746421267894 26.040899795501
55.849823321555 33.425795053004 26.128091872792
63.027272727273 57.754545454545 27.772727272727
63.713709677419 32.471774193548 27.596774193548
24.089459698849 49.741364038973 39.551815766165
26.775389575497 38.145083288555 41.009672219237
23.287680209699 49.128440366972 49.919397116645
23.705056179775 39.405196629213 50.426264044944
29.567541766110 53.429116945107 33.996181384248
29.929130434783 37.961304347826 34.392173913043
22.756679218218 60.692307692308 43.844898691053
23.071333333333 29.421333333333 44.818222222222
43.297402597403 61.694805194805 26.196969696970
43.900714853058 29.170373312153 26.233121525020
52.112281603289 67.452209660843 60.728417266187
50.613654198274 25.420873659430 62.626994506932
33.596125907990 57.856658595642 65.828571428571
33.785778577858 33.078757875788 67.356885688569
40.490396403760 67.553330608909 59.711483449121
40.205947955390 22.854275092937 61.095910780669
46.531847133758 74.073248407643 51.559713375796
47.591185410334 17.368794326241 53.567375886525
32.959079283887 68.217391304348 54.141517476556
33.380707762557 23.385844748858 55.657534246575
35.337585034014 49.795351473923 60.320011337868
35.343032159265 41.155589586524 58.180398162328
50.674573758340 49.987398072646 71.346182357302
47.528708133971 42.436602870813 70.395933014354
68.861746361746 51.883575883576 41.035343035343
69.388329979879 38.752515090543 41.074446680080
65.300297324083 58.104063429138 37.535183349851
65.839285714286 32.257518796992 37.596804511278
63.320819112628 55.030716723549 36.477815699659
63.471428571429 35.539285714286 36.457142857143
54.578181818182 51.599090909091 40.303636363636
54.615894039735 39.648060548723 40.364238410596
53.982222222222 67.173333333333 41.337777777778
54.927710843373 23.060240963855 41.522088353414
52.995209059233 72.717770034843 39.920296167247
52.494746895893 17.083731295766 39.709328239414
70.828921568627 65.446078431373 23.703921568627
70.679207920792 22.947326732673 24.302178217822
46.507891541886 73.934439498179 35.207608255767
44.717169426174 17.420049897936 35.612383760490
49.354062500000 71.018125000000 24.740312500000
47.930559460219 19.308968231656 25.134664042733
28.630865021125 62.088725817211 19.935290193462
29.364323189927 28.123609653725 19.275550891920
37.343147208122 55.373604060914 26.338409475465
37.404121550821 34.866224240307 25.526720223542
36.796556671449 57.156097560976 13.016355810617
35.911811023622 34.174803149606 12.180839895013
35.141176470588 45.109313725490 27.505882352941
